{
 "cells": [
  {
   "cell_type": "markdown",
   "id": "e37eaa72",
   "metadata": {},
   "source": [
    "Following: https://docs.pytorch.org/tutorials/beginner/basics/tensorqs_tutorial.html"
   ]
  },
  {
   "cell_type": "code",
   "execution_count": 1,
   "id": "7a7aee5f",
   "metadata": {},
   "outputs": [],
   "source": [
    "import torch"
   ]
  },
  {
   "cell_type": "markdown",
   "id": "73449ac6",
   "metadata": {},
   "source": [
    "Can make Torch tensors just through standard Python `list` -> `torch.tensor` map."
   ]
  },
  {
   "cell_type": "code",
   "execution_count": 2,
   "id": "57eccf2e",
   "metadata": {},
   "outputs": [],
   "source": [
    "data = [[1, 2],[3, 4]]\n",
    "x_data = torch.tensor(data)"
   ]
  },
  {
   "cell_type": "code",
   "execution_count": 3,
   "id": "a1982025",
   "metadata": {},
   "outputs": [
    {
     "ename": "TypeError",
     "evalue": "new(): invalid data type 'str'",
     "output_type": "error",
     "traceback": [
      "\u001b[0;31m---------------------------------------------------------------------------\u001b[0m",
      "\u001b[0;31mTypeError\u001b[0m                                 Traceback (most recent call last)",
      "\u001b[0;32m/tmp/ipykernel_2643878/163244340.py\u001b[0m in \u001b[0;36m<module>\u001b[0;34m\u001b[0m\n\u001b[0;32m----> 1\u001b[0;31m \u001b[0mstring_data\u001b[0m \u001b[0;34m=\u001b[0m \u001b[0mtorch\u001b[0m\u001b[0;34m.\u001b[0m\u001b[0mtensor\u001b[0m\u001b[0;34m(\u001b[0m\u001b[0;34m\"funny\"\u001b[0m\u001b[0;34m)\u001b[0m\u001b[0;34m\u001b[0m\u001b[0;34m\u001b[0m\u001b[0m\n\u001b[0m",
      "\u001b[0;31mTypeError\u001b[0m: new(): invalid data type 'str'"
     ]
    }
   ],
   "source": [
    "string_data = torch.tensor(\"funny\")"
   ]
  },
  {
   "cell_type": "code",
   "execution_count": null,
   "id": "c7f371bf",
   "metadata": {},
   "outputs": [
    {
     "ename": "ValueError",
     "evalue": "too many dimensions 'str'",
     "output_type": "error",
     "traceback": [
      "\u001b[0;31m---------------------------------------------------------------------------\u001b[0m",
      "\u001b[0;31mValueError\u001b[0m                                Traceback (most recent call last)",
      "\u001b[0;32m/tmp/ipykernel_2640786/2022926538.py\u001b[0m in \u001b[0;36m<module>\u001b[0;34m\u001b[0m\n\u001b[0;32m----> 1\u001b[0;31m \u001b[0mstring_data\u001b[0m \u001b[0;34m=\u001b[0m \u001b[0mtorch\u001b[0m\u001b[0;34m.\u001b[0m\u001b[0mtensor\u001b[0m\u001b[0;34m(\u001b[0m\u001b[0;34m[\u001b[0m\u001b[0;34m\"funny\"\u001b[0m\u001b[0;34m]\u001b[0m\u001b[0;34m)\u001b[0m\u001b[0;34m\u001b[0m\u001b[0;34m\u001b[0m\u001b[0m\n\u001b[0m",
      "\u001b[0;31mValueError\u001b[0m: too many dimensions 'str'"
     ]
    }
   ],
   "source": [
    "string_data = torch.tensor([\"funny\"])"
   ]
  },
  {
   "cell_type": "code",
   "execution_count": null,
   "id": "72246a5e",
   "metadata": {},
   "outputs": [
    {
     "ename": "ValueError",
     "evalue": "too many dimensions 'str'",
     "output_type": "error",
     "traceback": [
      "\u001b[0;31m---------------------------------------------------------------------------\u001b[0m",
      "\u001b[0;31mValueError\u001b[0m                                Traceback (most recent call last)",
      "\u001b[0;32m/tmp/ipykernel_2640786/4104076367.py\u001b[0m in \u001b[0;36m<module>\u001b[0;34m\u001b[0m\n\u001b[1;32m      1\u001b[0m \u001b[0mstring_array\u001b[0m \u001b[0;34m=\u001b[0m \u001b[0;34m[\u001b[0m\u001b[0;34m[\u001b[0m\u001b[0;34m\"cool\"\u001b[0m\u001b[0;34m,\u001b[0m \u001b[0;34m\"warm\"\u001b[0m\u001b[0;34m]\u001b[0m\u001b[0;34m,\u001b[0m \u001b[0;34m[\u001b[0m\u001b[0;34m\"hot\"\u001b[0m\u001b[0;34m,\u001b[0m \u001b[0;34m\"cold\"\u001b[0m\u001b[0;34m]\u001b[0m\u001b[0;34m]\u001b[0m\u001b[0;34m\u001b[0m\u001b[0;34m\u001b[0m\u001b[0m\n\u001b[0;32m----> 2\u001b[0;31m \u001b[0mtemperature_tensor\u001b[0m \u001b[0;34m=\u001b[0m \u001b[0mtorch\u001b[0m\u001b[0;34m.\u001b[0m\u001b[0mtensor\u001b[0m\u001b[0;34m(\u001b[0m\u001b[0mstring_array\u001b[0m\u001b[0;34m)\u001b[0m\u001b[0;34m\u001b[0m\u001b[0;34m\u001b[0m\u001b[0m\n\u001b[0m",
      "\u001b[0;31mValueError\u001b[0m: too many dimensions 'str'"
     ]
    }
   ],
   "source": [
    "string_array = [[\"cool\", \"warm\"], [\"hot\", \"cold\"]]\n",
    "temperature_tensor = torch.tensor(string_array)"
   ]
  },
  {
   "cell_type": "markdown",
   "id": "6370c7e4",
   "metadata": {},
   "source": [
    "Can make tensors from extant tensors. Sure."
   ]
  },
  {
   "cell_type": "code",
   "execution_count": 4,
   "id": "538b657d",
   "metadata": {},
   "outputs": [
    {
     "name": "stdout",
     "output_type": "stream",
     "text": [
      "Ones Tensor: \n",
      " tensor([[1, 1],\n",
      "        [1, 1]]) \n",
      "\n"
     ]
    }
   ],
   "source": [
    "x_ones = torch.ones_like(x_data)\n",
    "print(f\"Ones Tensor: \\n {x_ones} \\n\")"
   ]
  },
  {
   "cell_type": "markdown",
   "id": "c506b833",
   "metadata": {},
   "source": [
    "And the familiar, basic initialization procedures:"
   ]
  },
  {
   "cell_type": "code",
   "execution_count": 5,
   "id": "b87ce966",
   "metadata": {},
   "outputs": [
    {
     "name": "stdout",
     "output_type": "stream",
     "text": [
      "Random Tensor: \n",
      " tensor([[0.8275, 0.8865, 0.6449],\n",
      "        [0.2038, 0.7100, 0.6165]]) \n",
      "\n",
      "Ones Tensor: \n",
      " tensor([[1., 1., 1.],\n",
      "        [1., 1., 1.]]) \n",
      "\n",
      "Zeros Tensor: \n",
      " tensor([[0., 0., 0.],\n",
      "        [0., 0., 0.]])\n"
     ]
    }
   ],
   "source": [
    "shape = (2,3,)\n",
    "rand_tensor = torch.rand(shape)\n",
    "ones_tensor = torch.ones(shape)\n",
    "zeros_tensor = torch.zeros(shape)\n",
    "\n",
    "print(f\"Random Tensor: \\n {rand_tensor} \\n\")\n",
    "print(f\"Ones Tensor: \\n {ones_tensor} \\n\")\n",
    "print(f\"Zeros Tensor: \\n {zeros_tensor}\")"
   ]
  },
  {
   "cell_type": "markdown",
   "id": "401450ea",
   "metadata": {},
   "source": [
    "Tensor attributes are familiar."
   ]
  },
  {
   "cell_type": "code",
   "execution_count": 6,
   "id": "b94ef91b",
   "metadata": {},
   "outputs": [
    {
     "name": "stdout",
     "output_type": "stream",
     "text": [
      "Shape of tensor: torch.Size([3, 4])\n",
      "Datatype of tensor: torch.float32\n",
      "Device tensor is stored on: cpu\n"
     ]
    }
   ],
   "source": [
    "tensor = torch.rand(3,4)\n",
    "\n",
    "print(f\"Shape of tensor: {tensor.shape}\")\n",
    "print(f\"Datatype of tensor: {tensor.dtype}\")\n",
    "print(f\"Device tensor is stored on: {tensor.device}\")"
   ]
  },
  {
   "cell_type": "markdown",
   "id": "a60af595",
   "metadata": {},
   "source": [
    "> By default, tensors are created on the CPU.\n",
    "\n",
    "Alright."
   ]
  },
  {
   "cell_type": "code",
   "execution_count": 7,
   "id": "35efc8dd",
   "metadata": {},
   "outputs": [
    {
     "data": {
      "text/plain": [
       "True"
      ]
     },
     "execution_count": 7,
     "metadata": {},
     "output_type": "execute_result"
    }
   ],
   "source": [
    "torch.accelerator.is_available()"
   ]
  },
  {
   "cell_type": "code",
   "execution_count": 8,
   "id": "d899fc41",
   "metadata": {},
   "outputs": [],
   "source": [
    "if torch.accelerator.is_available():\n",
    "    tensor = tensor.to(torch.accelerator.current_accelerator())"
   ]
  },
  {
   "cell_type": "code",
   "execution_count": 9,
   "id": "dd9a3ccf",
   "metadata": {},
   "outputs": [
    {
     "data": {
      "text/plain": [
       "device(type='cuda')"
      ]
     },
     "execution_count": 9,
     "metadata": {},
     "output_type": "execute_result"
    }
   ],
   "source": [
    "torch.accelerator.current_accelerator()"
   ]
  },
  {
   "cell_type": "markdown",
   "id": "deeb292e",
   "metadata": {},
   "source": [
    "Is there some property of the `tensor` that shows if it's on an accelerator?"
   ]
  },
  {
   "cell_type": "code",
   "execution_count": 10,
   "id": "770e3155",
   "metadata": {},
   "outputs": [
    {
     "name": "stdout",
     "output_type": "stream",
     "text": [
      "tensor([[1., 1., 1., 1.],\n",
      "        [1., 1., 1., 1.],\n",
      "        [1., 1., 1., 1.],\n",
      "        [1., 1., 1., 1.]])\n"
     ]
    }
   ],
   "source": [
    "tensor = torch.ones(4, 4)\n",
    "\n",
    "print(tensor)"
   ]
  },
  {
   "cell_type": "code",
   "execution_count": 11,
   "id": "4f480fa7",
   "metadata": {},
   "outputs": [
    {
     "data": {
      "text/plain": [
       "tensor(1.)"
      ]
     },
     "execution_count": 11,
     "metadata": {},
     "output_type": "execute_result"
    }
   ],
   "source": [
    "tensor[0, 0]"
   ]
  },
  {
   "cell_type": "markdown",
   "id": "250a2b6d",
   "metadata": {},
   "source": [
    "$T_{ij}$. So, $T_{i0}$ is the ith row and the 0th column. Will select out all elements of the 0th column."
   ]
  },
  {
   "cell_type": "code",
   "execution_count": 12,
   "id": "7b4a460d",
   "metadata": {},
   "outputs": [
    {
     "data": {
      "text/plain": [
       "tensor([1., 1., 1., 1.])"
      ]
     },
     "execution_count": 12,
     "metadata": {},
     "output_type": "execute_result"
    }
   ],
   "source": [
    "tensor[0]"
   ]
  },
  {
   "cell_type": "code",
   "execution_count": 13,
   "id": "2485b750",
   "metadata": {},
   "outputs": [
    {
     "name": "stdout",
     "output_type": "stream",
     "text": [
      "First row: tensor([1., 1., 1., 1.])\n",
      "First column: tensor([1., 1., 1., 1.])\n",
      "Last column: tensor([1., 1., 1., 1.])\n"
     ]
    }
   ],
   "source": [
    "print(f\"First row: {tensor[0]}\")\n",
    "print(f\"First column: {tensor[:, 0]}\")\n",
    "print(f\"Last column: {tensor[..., -1]}\")"
   ]
  },
  {
   "cell_type": "code",
   "execution_count": 14,
   "id": "4811b1a7",
   "metadata": {},
   "outputs": [],
   "source": [
    "tensor[:,1] = 0"
   ]
  },
  {
   "cell_type": "markdown",
   "id": "2dbb47ec",
   "metadata": {},
   "source": [
    "Does this assign $T_{i1} := 0$? Look for the $i$ th row and the $1$ st column to contain all $0$ s."
   ]
  },
  {
   "cell_type": "code",
   "execution_count": 15,
   "id": "92f320a5",
   "metadata": {},
   "outputs": [
    {
     "data": {
      "text/plain": [
       "tensor([[1., 0., 1., 1.],\n",
       "        [1., 0., 1., 1.],\n",
       "        [1., 0., 1., 1.],\n",
       "        [1., 0., 1., 1.]])"
      ]
     },
     "execution_count": 15,
     "metadata": {},
     "output_type": "execute_result"
    }
   ],
   "source": [
    "tensor"
   ]
  },
  {
   "cell_type": "markdown",
   "id": "b67b01c9",
   "metadata": {},
   "source": [
    "We can join tensors with concatenation."
   ]
  },
  {
   "cell_type": "code",
   "execution_count": 16,
   "id": "49b06889",
   "metadata": {},
   "outputs": [
    {
     "name": "stdout",
     "output_type": "stream",
     "text": [
      "tensor([[1., 0., 1., 1., 1., 0., 1., 1., 1., 0., 1., 1.],\n",
      "        [1., 0., 1., 1., 1., 0., 1., 1., 1., 0., 1., 1.],\n",
      "        [1., 0., 1., 1., 1., 0., 1., 1., 1., 0., 1., 1.],\n",
      "        [1., 0., 1., 1., 1., 0., 1., 1., 1., 0., 1., 1.]])\n"
     ]
    }
   ],
   "source": [
    "t1 = torch.cat(\n",
    "    [tensor, tensor, tensor], \n",
    "    dim = 1 # along the column-th dimension\n",
    ")\n",
    "print(t1)"
   ]
  },
  {
   "cell_type": "markdown",
   "id": "a660e3bd",
   "metadata": {},
   "source": [
    "Note:"
   ]
  },
  {
   "cell_type": "code",
   "execution_count": 17,
   "id": "ce6f839a",
   "metadata": {},
   "outputs": [
    {
     "data": {
      "text/plain": [
       "list"
      ]
     },
     "execution_count": 17,
     "metadata": {},
     "output_type": "execute_result"
    }
   ],
   "source": [
    "type([tensor, tensor, tensor])"
   ]
  },
  {
   "cell_type": "markdown",
   "id": "034fdc9f",
   "metadata": {},
   "source": [
    "If tensors are matrices (they aren't generally... this is a major misnomer), then we can do matrix operations."
   ]
  },
  {
   "cell_type": "code",
   "execution_count": 18,
   "id": "f10f4103",
   "metadata": {},
   "outputs": [
    {
     "data": {
      "text/plain": [
       "tensor([[0.1255, 0.4977, 0.0669, 0.8651, 0.5732],\n",
       "        [0.3256, 0.2884, 0.1859, 0.5840, 0.5724],\n",
       "        [0.6712, 0.8564, 0.3158, 0.0837, 0.2637],\n",
       "        [0.6060, 0.9718, 0.1016, 0.4387, 0.2144],\n",
       "        [0.5937, 0.4321, 0.1661, 0.1651, 0.9286]])"
      ]
     },
     "execution_count": 18,
     "metadata": {},
     "output_type": "execute_result"
    }
   ],
   "source": [
    "random_matrix = torch.rand(5, 5)\n",
    "random_matrix"
   ]
  },
  {
   "cell_type": "code",
   "execution_count": 19,
   "id": "4af12684",
   "metadata": {},
   "outputs": [
    {
     "data": {
      "text/plain": [
       "tensor([[0.1255, 0.3256, 0.6712, 0.6060, 0.5937],\n",
       "        [0.4977, 0.2884, 0.8564, 0.9718, 0.4321],\n",
       "        [0.0669, 0.1859, 0.3158, 0.1016, 0.1661],\n",
       "        [0.8651, 0.5840, 0.0837, 0.4387, 0.1651],\n",
       "        [0.5732, 0.5724, 0.2637, 0.2144, 0.9286]])"
      ]
     },
     "execution_count": 19,
     "metadata": {},
     "output_type": "execute_result"
    }
   ],
   "source": [
    "random_matrix.T"
   ]
  },
  {
   "cell_type": "code",
   "execution_count": 20,
   "id": "297b8836",
   "metadata": {},
   "outputs": [
    {
     "data": {
      "text/plain": [
       "tensor([[-4.0674,  4.0523, -2.5299,  3.1032,  0.0149],\n",
       "        [ 2.4020, -3.3490,  1.5209, -0.6843,  0.3077],\n",
       "        [ 1.1387,  1.2426,  4.4465, -4.0740, -1.7912],\n",
       "        [-0.6477,  2.3510, -1.0516,  0.9968, -0.9809],\n",
       "        [ 1.3944, -1.6730,  0.3014, -1.1141,  1.4191]])"
      ]
     },
     "execution_count": 20,
     "metadata": {},
     "output_type": "execute_result"
    }
   ],
   "source": [
    "random_matrix.inverse()"
   ]
  },
  {
   "cell_type": "code",
   "execution_count": 21,
   "id": "7e672ca7",
   "metadata": {},
   "outputs": [
    {
     "data": {
      "text/plain": [
       "tensor([[ 1.0000e+00, -1.6604e-07,  1.0974e-09,  1.3929e-07,  2.7633e-07],\n",
       "        [ 2.4793e-08,  1.0000e+00,  4.7230e-08,  1.0054e-08, -1.3427e-07],\n",
       "        [-3.8609e-07, -9.7881e-08,  1.0000e+00, -2.0205e-07, -2.3935e-07],\n",
       "        [-6.0245e-08, -2.0202e-07, -3.4010e-08,  1.0000e+00,  1.1594e-07],\n",
       "        [ 2.9516e-07,  5.0618e-07,  6.3840e-08,  1.3380e-07,  1.0000e+00]])"
      ]
     },
     "execution_count": 21,
     "metadata": {},
     "output_type": "execute_result"
    }
   ],
   "source": [
    "random_matrix.inverse () @ random_matrix"
   ]
  },
  {
   "cell_type": "markdown",
   "id": "b8f8f0d2",
   "metadata": {},
   "source": [
    "Interesting... It's *almost* the identity matrix. Can that error compound?"
   ]
  },
  {
   "cell_type": "code",
   "execution_count": 22,
   "id": "9202a2f4",
   "metadata": {},
   "outputs": [
    {
     "data": {
      "text/plain": [
       "tensor([[0.4465, 0.0144],\n",
       "        [0.7484, 0.2023]])"
      ]
     },
     "execution_count": 22,
     "metadata": {},
     "output_type": "execute_result"
    }
   ],
   "source": [
    "random_matrix_2 = torch.rand(2, 2)\n",
    "random_matrix_2"
   ]
  },
  {
   "cell_type": "code",
   "execution_count": 23,
   "id": "8936199c",
   "metadata": {},
   "outputs": [
    {
     "data": {
      "text/plain": [
       "tensor([[ 1.0000e+00,  2.1931e-09],\n",
       "        [-9.4038e-08,  1.0000e+00]])"
      ]
     },
     "execution_count": 23,
     "metadata": {},
     "output_type": "execute_result"
    }
   ],
   "source": [
    "random_matrix_2.inverse() @ random_matrix_2"
   ]
  },
  {
   "cell_type": "code",
   "execution_count": 24,
   "id": "6995e68f",
   "metadata": {},
   "outputs": [
    {
     "data": {
      "text/plain": [
       "tensor([[ 1.0000e+00,  5.2082e-09],\n",
       "        [-4.5090e-07,  1.0000e+00]])"
      ]
     },
     "execution_count": 24,
     "metadata": {},
     "output_type": "execute_result"
    }
   ],
   "source": [
    "random_matrix_2.inverse() @ random_matrix_2 @ random_matrix_2.inverse() @ random_matrix_2"
   ]
  },
  {
   "cell_type": "code",
   "execution_count": 25,
   "id": "60e6b699",
   "metadata": {},
   "outputs": [
    {
     "data": {
      "text/plain": [
       "tensor([[ 1.0000e+00,  8.2234e-09],\n",
       "        [-4.5090e-07,  1.0000e+00]])"
      ]
     },
     "execution_count": 25,
     "metadata": {},
     "output_type": "execute_result"
    }
   ],
   "source": [
    "random_matrix_2.inverse() @ random_matrix_2 @ random_matrix_2.inverse() @ random_matrix_2 @ random_matrix_2.inverse() @ random_matrix_2"
   ]
  },
  {
   "cell_type": "code",
   "execution_count": 26,
   "id": "796976be",
   "metadata": {},
   "outputs": [
    {
     "data": {
      "text/plain": [
       "tensor([[ 1.0000e+00,  1.4254e-08],\n",
       "        [-4.5090e-07,  1.0000e+00]])"
      ]
     },
     "execution_count": 26,
     "metadata": {},
     "output_type": "execute_result"
    }
   ],
   "source": [
    "random_matrix_2.inverse() @ random_matrix_2 @ random_matrix_2.inverse() @ random_matrix_2 @ random_matrix_2.inverse() @ random_matrix_2 @ random_matrix_2.inverse() @ random_matrix_2 @ random_matrix_2.inverse() @ random_matrix_2 @ random_matrix_2.inverse() @ random_matrix_2 @ random_matrix_2.inverse() @ random_matrix_2 @ random_matrix_2.inverse() @ random_matrix_2 @ random_matrix_2.inverse() @ random_matrix_2 @ random_matrix_2.inverse() @ random_matrix_2 @ random_matrix_2.inverse() @ random_matrix_2 @ random_matrix_2.inverse() @ random_matrix_2"
   ]
  },
  {
   "cell_type": "markdown",
   "id": "f861b0c5",
   "metadata": {},
   "source": [
    "Actually, we didn't check the determinant."
   ]
  },
  {
   "cell_type": "code",
   "execution_count": 27,
   "id": "6201266e",
   "metadata": {},
   "outputs": [
    {
     "data": {
      "text/plain": [
       "tensor(0.0796)"
      ]
     },
     "execution_count": 27,
     "metadata": {},
     "output_type": "execute_result"
    }
   ],
   "source": [
    "random_matrix_2.det()"
   ]
  },
  {
   "cell_type": "code",
   "execution_count": 28,
   "id": "3970bb4b",
   "metadata": {},
   "outputs": [
    {
     "data": {
      "text/plain": [
       "tensor([[0.4465, 0.0144],\n",
       "        [0.7484, 0.2023]])"
      ]
     },
     "execution_count": 28,
     "metadata": {},
     "output_type": "execute_result"
    }
   ],
   "source": [
    "random_matrix_2"
   ]
  },
  {
   "cell_type": "code",
   "execution_count": 29,
   "id": "08573747",
   "metadata": {},
   "outputs": [],
   "source": [
    "random_matrix_2 = random_matrix_2 / random_matrix_2.det()"
   ]
  },
  {
   "cell_type": "code",
   "execution_count": 30,
   "id": "4a898ffd",
   "metadata": {},
   "outputs": [
    {
     "data": {
      "text/plain": [
       "tensor([[5.6097, 0.1805],\n",
       "        [9.4019, 2.5420]])"
      ]
     },
     "execution_count": 30,
     "metadata": {},
     "output_type": "execute_result"
    }
   ],
   "source": [
    "random_matrix_2"
   ]
  },
  {
   "cell_type": "code",
   "execution_count": 31,
   "id": "fcbadc93",
   "metadata": {},
   "outputs": [
    {
     "data": {
      "text/plain": [
       "tensor([[ 1.0000e+00, -2.0725e-09],\n",
       "        [ 2.4033e-07,  1.0000e+00]])"
      ]
     },
     "execution_count": 31,
     "metadata": {},
     "output_type": "execute_result"
    }
   ],
   "source": [
    "random_matrix_2.inverse() @ random_matrix_2"
   ]
  },
  {
   "cell_type": "markdown",
   "id": "516284cc",
   "metadata": {},
   "source": [
    "Welp. Yeah, low probability the determinant is not $0$ for a random square matrix."
   ]
  },
  {
   "cell_type": "markdown",
   "id": "5c085370",
   "metadata": {},
   "source": []
  }
 ],
 "metadata": {
  "kernelspec": {
   "display_name": "Python 3",
   "language": "python",
   "name": "python3"
  },
  "language_info": {
   "codemirror_mode": {
    "name": "ipython",
    "version": 3
   },
   "file_extension": ".py",
   "mimetype": "text/x-python",
   "name": "python",
   "nbconvert_exporter": "python",
   "pygments_lexer": "ipython3",
   "version": "3.10.12"
  }
 },
 "nbformat": 4,
 "nbformat_minor": 5
}
